0 1 0
1 0 0
1 2 0
2 1 0
2 3 0
3 2 0
3 4 0
4 3 0
0 5 0
5 0 0
1 6 0
6 1 0
2 7 0
7 2 0
3 8 0
8 3 0
4 9 0
9 4 0
5 6 0
6 5 0
6 7 0
7 6 0
7 8 0
8 7 0
8 9 0
9 8 0
5 10 0
10 5 0
6 11 0
11 6 0
7 12 0
12 7 0
8 13 0
13 8 0
9 14 0
14 9 0
10 11 0
11 10 0
11 12 0
12 11 0
12 13 0
13 12 0
13 14 0
14 13 0
10 15 0
15 10 0
11 16 0
16 11 0
12 17 0
17 12 0
13 18 0
18 13 0
14 19 0
19 14 0
15 16 0
16 15 0
16 17 0
17 16 0
17 18 0
18 17 0
18 19 0
19 18 0
15 20 0
20 15 0
16 21 0
21 16 0
17 22 0
22 17 0
18 23 0
23 18 0
19 24 0
24 19 0
20 21 0
21 20 0
21 22 0
22 21 0
22 23 0
23 22 0
23 24 0
24 23 0
20 25 0
25 20 0